Printing example
____________________________________________
                                                    12
			5													              10
                                                    7
	3				10				    -------->			    5
																	                  4
1		4		7		12										            3
																	                  1


Reversing example
____________________________________________

												
			5														               5
											    
	3				10				    -------->			      10				3
												
1		4		7		12								           12		7		  4		  1
